0 0.501687 0.085074 0.689948 0.033315
0 0.498706 0.145644 0.673766 0.036343
0 0.498279 0.206213 0.650766 0.039370
0 0.498706 0.257704 0.636286 0.039370
0 0.497003 0.315241 0.624359 0.039370
0 0.495297 0.363699 0.609031 0.042398
0 0.495724 0.414431 0.596250 0.037861
0 0.495724 0.461375 0.580917 0.037861
0 0.244445 0.499231 0.073255 0.019685
0 0.557484 0.508306 0.460802 0.028759
1 0.491039 0.968657 0.782797 0.046944
1 0.492742 0.911116 0.748724 0.043917
1 0.492315 0.858116 0.718911 0.040880
1 0.494445 0.811176 0.689099 0.040889
1 0.496148 0.765745 0.661839 0.037861
1 0.579625 0.730162 0.467635 0.024231
