0 0.516166 0.138987 0.721895 0.027377
0 0.517790 0.189416 0.705690 0.024490
0 0.514548 0.242733 0.692722 0.027377
0 0.515630 0.284516 0.679755 0.018730
0 0.517249 0.330625 0.665705 0.015850
0 0.511306 0.376738 0.660303 0.015850
0 0.513521 0.418525 0.640750 0.021616
0 0.511359 0.464634 0.636426 0.030257
0 0.515683 0.502816 0.638591 0.031700
0 0.734488 0.541722 0.183684 0.020173
0 0.464899 0.534516 0.132905 0.014407
1 0.337398 0.615208 0.314430 0.017293
1 0.588078 0.619532 0.126421 0.011533
1 0.752318 0.621693 0.158836 0.012970
1 0.514601 0.638255 0.696936 0.023040
1 0.514601 0.663480 0.725026 0.024496
1 0.515683 0.691565 0.766085 0.023028
1 0.512441 0.720385 0.802823 0.028839
1 0.511900 0.754266 0.844964 0.030276
1 0.511359 0.790282 0.893588 0.036023
1 0.510820 0.831347 0.948692 0.037460
1 0.502177 0.879618 0.991914 0.041790
