0 0.512386 0.162758 0.671111 0.017293
0 0.508119 0.213910 0.660192 0.015850
0 0.509199 0.257861 0.647229 0.017287
0 0.511359 0.303249 0.636426 0.021610
0 0.509199 0.345757 0.625623 0.020173
0 0.507039 0.386100 0.619139 0.023053
0 0.506498 0.428608 0.609408 0.021616
0 0.506498 0.468233 0.605089 0.020173
0 0.510279 0.506421 0.604012 0.018730
0 0.722602 0.544615 0.172881 0.014426
0 0.467600 0.538121 0.127504 0.012970
1 0.344420 0.615212 0.302549 0.011527
1 0.584295 0.619532 0.121020 0.011533
1 0.738271 0.621693 0.150192 0.010083
1 0.510281 0.638271 0.660197 0.017274
1 0.509740 0.659166 0.685051 0.021629
1 0.511361 0.683653 0.722867 0.021610
1 0.510281 0.709589 0.757446 0.024490
1 0.509740 0.739128 0.797422 0.025940
1 0.510281 0.772267 0.839562 0.028820
1 0.508658 0.807572 0.888187 0.030257
1 0.512441 0.849359 0.943295 0.030263
