0 0.524812 0.189416 0.680832 0.030263
0 0.523735 0.239128 0.676513 0.025940
0 0.524274 0.285250 0.660303 0.023085
0 0.525354 0.330629 0.645176 0.021616
0 0.524274 0.373133 0.638696 0.017287
0 0.521094 0.414920 0.627759 0.017293
0 0.520546 0.456709 0.622381 0.017293
0 0.520005 0.498496 0.612650 0.020173
0 0.523247 0.536677 0.616979 0.021616
0 0.736650 0.577027 0.181525 0.015850
0 0.476243 0.568377 0.136142 0.012970
1 0.350363 0.648352 0.301467 0.014407
1 0.596181 0.652672 0.114536 0.011527
1 0.753937 0.656273 0.153434 0.012970
1 0.522706 0.673573 0.674242 0.018730
1 0.522706 0.697341 0.704497 0.023060
1 0.522167 0.723284 0.742314 0.020141
1 0.522165 0.752101 0.783377 0.028833
1 0.520546 0.785247 0.823353 0.028865
1 0.520005 0.819824 0.865493 0.031693
1 0.521085 0.860888 0.919524 0.038903
1 0.516075 0.905555 0.967850 0.041783
