1 0.754478 0.644038 0.154517 0.014426
1 0.530262 0.652665 0.661294 0.037453
0 0.538377 0.186536 0.651549 0.018730
0 0.535132 0.234086 0.645070 0.021616
0 0.534594 0.279474 0.635344 0.023053
0 0.534591 0.319820 0.628865 0.025940
0 0.534052 0.365208 0.619139 0.027377
0 0.531349 0.404115 0.609413 0.033143
0 0.530810 0.445183 0.608336 0.031700
0 0.529728 0.486248 0.599687 0.030263
0 0.534591 0.525151 0.598610 0.033137
0 0.741513 0.569820 0.173963 0.021616
0 0.485428 0.556854 0.126421 0.015850
1 0.362795 0.624570 0.291727 0.018724
1 0.596722 0.636822 0.119937 0.014413
1 0.530269 0.693740 0.719625 0.044670
1 0.527569 0.748496 0.796340 0.056196
1 0.524868 0.780914 0.834161 0.060520
1 0.524868 0.814779 0.888187 0.067723
1 0.525948 0.853682 0.940053 0.067723
1 0.531352 0.672126 0.685051 0.041790
1 0.528110 0.719676 0.754199 0.050436
