0 0.512982 0.516511 0.570515 0.021604
0 0.513521 0.551809 0.573757 0.023053
0 0.718822 0.591434 0.165320 0.018736
0 0.470301 0.581347 0.119937 0.012970
1 0.354146 0.650513 0.283098 0.013021
1 0.579435 0.657716 0.106970 0.010083
1 0.728545 0.662761 0.141544 0.011527
1 0.512441 0.675010 0.627778 0.027377
1 0.513521 0.693018 0.651554 0.034580
1 0.512441 0.715353 0.683968 0.033143
1 0.510823 0.738406 0.719625 0.038903
1 0.507039 0.765786 0.755281 0.044670
1 0.506498 0.796042 0.790938 0.044670
1 0.505957 0.828467 0.839562 0.048993
1 0.504339 0.863768 0.888187 0.053310
0 0.518331 0.231203 0.620327 0.018736
0 0.517249 0.274439 0.613843 0.010071
0 0.516224 0.316937 0.600770 0.014413
0 0.516222 0.357284 0.596445 0.017287
0 0.514603 0.399073 0.586724 0.020173
0 0.512441 0.435821 0.584565 0.021623
0 0.511361 0.473999 0.578076 0.025933
