0 0.525536 0.274356 0.626917 0.030287
0 0.523409 0.328870 0.617547 0.027259
0 0.524690 0.381130 0.606464 0.022741
0 0.525547 0.434875 0.594531 0.024231
0 0.694617 0.480301 0.266609 0.015139
1 0.727833 0.698361 0.264906 0.012111
1 0.527237 0.773315 0.725724 0.019685
1 0.529367 0.733190 0.692505 0.018176
1 0.526388 0.816477 0.758089 0.024231
1 0.526388 0.864176 0.792161 0.025741
1 0.527240 0.917176 0.834750 0.028778
1 0.526813 0.976231 0.879896 0.034833
0 0.524685 0.036616 0.688245 0.048454
0 0.526388 0.099458 0.669505 0.043917
0 0.524258 0.162301 0.651620 0.039380
0 0.526813 0.217597 0.643104 0.031843
