0 0.492318 0.014352 0.660990 0.021204
0 0.490187 0.076440 0.646510 0.027250
0 0.489333 0.133227 0.631177 0.022713
0 0.491039 0.190014 0.620953 0.024231
0 0.489336 0.245282 0.605620 0.022713
0 0.489336 0.296014 0.598807 0.024231
0 0.488055 0.347500 0.587734 0.018167
0 0.488484 0.399745 0.574958 0.016657
1 0.255945 0.652625 0.132026 0.016657
1 0.767018 0.653384 0.080922 0.009083
1 0.493594 0.686699 0.658437 0.015139
1 0.491466 0.723801 0.688245 0.016657
1 0.489760 0.763931 0.717208 0.018176
1 0.487630 0.808602 0.747021 0.019685
1 0.490187 0.856301 0.784500 0.015139
1 0.490187 0.911569 0.825385 0.016657
