0 0.482521 0.078255 0.644802 0.043917
0 0.480818 0.137315 0.631177 0.046944
0 0.480391 0.194102 0.613292 0.045426
0 0.481669 0.246343 0.602214 0.046944
0 0.479539 0.300102 0.591141 0.042407
0 0.477836 0.349315 0.580922 0.043907
0 0.476557 0.399287 0.571552 0.040889
0 0.477409 0.446991 0.564734 0.033315
0 0.654156 0.499231 0.192500 0.019685
1 0.565143 0.733190 0.469339 0.021194
1 0.475706 0.765745 0.673766 0.031806
1 0.474854 0.806630 0.704427 0.031796
1 0.472299 0.852060 0.733391 0.031806
1 0.472727 0.899759 0.770016 0.033315
1 0.471872 0.952759 0.807495 0.033315
