0 0.491036 0.044185 0.672063 0.021204
0 0.491039 0.103241 0.658432 0.027259
0 0.491466 0.165329 0.643953 0.021194
0 0.490612 0.222116 0.628620 0.022713
0 0.488909 0.277389 0.620099 0.021204
0 0.489760 0.330389 0.611583 0.021204
0 0.487206 0.383389 0.599661 0.021204
0 0.488909 0.437903 0.587734 0.015139
1 0.437378 0.732426 0.300682 0.007556
1 0.755518 0.730912 0.165245 0.010583
1 0.495297 0.768019 0.724875 0.012111
1 0.493596 0.811171 0.755536 0.016657
1 0.492742 0.855847 0.789609 0.015139
1 0.493594 0.905815 0.835604 0.012111
1 0.492742 0.961097 0.876495 0.016639
