0 0.481242 0.038889 0.647359 0.053000
0 0.479539 0.097185 0.633734 0.054519
0 0.479115 0.154727 0.615844 0.051491
0 0.478260 0.207727 0.600510 0.048454
0 0.476560 0.260750 0.595401 0.045389
0 0.476133 0.309944 0.579214 0.043907
0 0.475706 0.359157 0.568141 0.042407
0 0.364122 0.397773 0.341568 0.022713
0 0.605177 0.406102 0.096250 0.021204
1 0.410544 0.689273 0.127766 0.018176
1 0.474003 0.724861 0.655026 0.028778
1 0.472727 0.767259 0.681432 0.028778
1 0.472299 0.810417 0.707839 0.027259
1 0.471872 0.858875 0.741057 0.027250
1 0.473151 0.913389 0.775979 0.024222
