0 0.512453 0.057644 0.890693 0.031699
0 0.510828 0.119606 0.861473 0.034583
0 0.510286 0.177962 0.819263 0.030256
0 0.508125 0.226952 0.799783 0.027378
0 0.504336 0.278824 0.774892 0.024494
0 0.505416 0.324936 0.742427 0.021615
0 0.502171 0.370324 0.729437 0.017288
0 0.502171 0.413551 0.707790 0.017295
0 0.506500 0.452458 0.692643 0.017288
0 0.715917 0.488481 0.256495 0.017295
0 0.283014 0.485596 0.243505 0.011526
1 0.275441 0.553321 0.215368 0.011526
1 0.738103 0.555484 0.220780 0.010083
1 0.269485 0.586462 0.231603 0.011526
1 0.740267 0.585006 0.253245 0.011551
1 0.274899 0.621045 0.266235 0.011526
1 0.709964 0.620327 0.326842 0.007205
1 0.510289 0.660670 0.756495 0.015853
1 0.512453 0.699574 0.791127 0.015853
1 0.511370 0.742083 0.827920 0.017295
1 0.517862 0.790340 0.877708 0.018756
1 0.516240 0.840769 0.911257 0.018718
1 0.514023 0.899144 0.950327 0.020173
1 0.507448 0.961644 0.985104 0.026968
