0 0.503252 0.097269 0.846322 0.036026
0 0.498382 0.152026 0.817102 0.036026
0 0.501088 0.206061 0.787877 0.034583
0 0.497301 0.255051 0.762990 0.031705
0 0.496218 0.299718 0.741343 0.028821
0 0.490806 0.342949 0.717530 0.028821
0 0.490806 0.384734 0.693727 0.028814
0 0.490806 0.423638 0.672080 0.023058
0 0.713211 0.462542 0.229437 0.020173
0 0.279227 0.454619 0.227275 0.012968
0 0.264076 0.487760 0.196972 0.012968
0 0.723491 0.497125 0.193722 0.020173
1 0.272735 0.553321 0.199133 0.014410
1 0.726196 0.559804 0.192643 0.012968
1 0.279769 0.585019 0.232682 0.014410
1 0.720785 0.590785 0.220780 0.011532
1 0.287884 0.618163 0.274892 0.014404
1 0.701846 0.624644 0.282470 0.012968
1 0.321435 0.658510 0.361473 0.020173
1 0.691026 0.662821 0.325758 0.011538
1 0.496760 0.695250 0.744593 0.018731
1 0.496221 0.737760 0.775975 0.017288
1 0.496218 0.782426 0.808440 0.020173
1 0.496760 0.831420 0.839827 0.017288
1 0.496218 0.885455 0.879870 0.018731
1 0.497841 0.945253 0.926408 0.020173
