0 0.496976 0.116292 0.809523 0.027378
0 0.492973 0.170756 0.782470 0.030256
0 0.493512 0.224788 0.755412 0.025936
0 0.492973 0.270183 0.730520 0.027378
0 0.491348 0.318452 0.714290 0.023058
0 0.490267 0.359516 0.694805 0.024494
0 0.488642 0.400587 0.682898 0.020173
0 0.293296 0.436609 0.268402 0.011526
0 0.666134 0.439490 0.314935 0.020173
0 0.279769 0.471907 0.224025 0.012968
0 0.707797 0.477673 0.233765 0.018731
0 0.263534 0.510096 0.191555 0.011526
0 0.716998 0.511535 0.189393 0.017288
1 0.261370 0.573494 0.174247 0.011526
1 0.730527 0.575657 0.173158 0.010083
1 0.252711 0.602314 0.182898 0.011526
1 0.731066 0.605196 0.191560 0.011532
1 0.245676 0.634734 0.188310 0.010083
1 0.748924 0.638333 0.177492 0.014410
1 0.234853 0.669314 0.192643 0.018731
1 0.263536 0.706782 0.280303 0.018731
1 0.720246 0.707513 0.297622 0.014385
1 0.497841 0.745683 0.783548 0.015853
1 0.496757 0.789631 0.816018 0.017288
1 0.496218 0.835744 0.851733 0.014410
1 0.497841 0.889058 0.898272 0.014410
1 0.495676 0.945971 0.943727 0.012968
1 0.750002 0.670737 0.205638 0.015833
